CLEAN DATA:
0.0
0.009999833334166664
0.01999866669333308
0.02999550020249566
0.03998933418663416
0.04997916927067833
0.059964006479444595
0.06994284733753277
0.0799146939691727
0.08987854919801104
0.09983341664682815
0.10977830083717481
0.11971220728891936
0.12963414261969486
0.1395431146442365
0.14943813247359922
0.15931820661424598
0.16918234906699603
0.17902957342582418
0.18885889497650057
0.19866933079506122
0.20845989984609956
0.21822962308086932
0.2279775235351884
0.23770262642713458
0.24740395925452294
0.2570805518921551
0.26673143668883115
0.27635564856411376
0.28595222510483553
0.29552020666133955
0.3050586364434435
0.31456656061611776
0.32404302839486837
0.3334870921408144
0.3428978074554514
0.35227423327508994
0.361615431964962
0.3709204694129827
0.3801884151231614
0.3894183423086505
0.39860932798442295
0.40776045305957015
0.41687080242921076
0.4259394650659996
0.43496553411123023
0.4439481069655198
0.45288628537906833
0.4617791755414829
0.470625888171158
0.479425538604203
0.4881772468829075
0.49688013784373675
0.5055333412048469
0.5141359916531132
0.5226872289306592
0.5311861979208834
0.5396320487339693
0.5480239367918736
0.5563610229127838
0.5646424733950354
0.5728674601004813
0.5810351605373051
0.5891447579422695
0.5971954413623921
0.6051864057360395
0.6131168519734338
0.6209859870365597
0.6287930240184686
0.636537182221968
0.6442176872376911
0.6518337710215366
0.6593846719714731
0.6668696350036979
0.674287911628145
0.6816387600233341
0.6889214451105513
0.6961352386273567
0.7032794192004101
0.7103532724176078
0.7173560908995228
0.7242871743701426
0.7311458297268959
0.7379313711099628
0.7446431199708593
0.7512804051402927
0.757842562895277
0.7643289370255051
0.7707388788989693
0.7770717475268238
0.7833269096274834
0.7895037396899505
0.795601620036366
0.8016199408837772
0.8075581004051143
0.8134155047893737
0.8191915683009983
0.8248857133384501
0.8304973704919705
0.8360259786005205
0.8414709848078965
0.8468318446180152
0.852108021949363
0.8572989891886034
0.8624042272433384
0.867423225594017
0.8723554823449863
0.8772005042746817
0.8819578068849475
0.8866269144494873
0.8912073600614354
0.8956986856800476
0.9001004421765051
0.904412189378826
0.9086334961158833
0.9127639402605211
0.9168031087717669
0.9207505977361357
0.9246060124080203
0.9283689672491666
0.9320390859672263
0.9356160015533859
0.9390993563190676
0.9424888019316975
0.945783999449539
0.9489846193555862
0.9520903415905158
0.9551008555846923
0.9580158602892249
0.9608350642060727
0.963558185417193
0.966184951612734
0.9687151001182652
0.9711483779210446
0.9734845416953194
0.9757233578266591
0.9778646024353163
0.9799080613986142
0.9818535303723598
0.9837008148112766
0.9854497299884603
0.9871001010138504
0.9886517628517197
0.9901045603371778
0.9914583481916864
0.9927129910375885
0.9938683634116449
0.9949243497775809
0.99588084453764
0.9967377520431434
0.9974949866040544
0.9981524724975481
0.998710143975583
0.999167945271476
0.9995258306054791
0.999783764189357
0.9999417202299663
0.9999996829318346
0.9999576464987401
0.9998156151342908
0.9995736030415051
0.9992316344213905
0.998789743470524
0.9982479743776325
0.9976063813191737
0.9968650284539189
0.9960239899165367
0.9950833498101802
0.994043202198076
0.9929036510941185
0.9916648104524686
0.990326804156158
0.9888897660047015
0.9873538397007164
0.9857191788355535
0.9839859468739369
0.9821543171376185
0.9802244727880455
0.9781966068080447
0.9760709219825242
0.9738476308781951
0.9715269558223153
0.9691091288804563
0.9665943918332975
0.9639829961524481
0.9612752029752999
0.9584712830789142
0.955571516852944
0.9525761942715953
0.9494856148646305
0.9463000876874145
0.9430199312900105
0.9396454736853249
0.9361770523163061
0.9326150140222005
0.9289597150038693
0.9252115207881683
0.9213708061913954
0.9174379552818098
0.9134133613412252
0.9092974268256817
0.9050905633252009
0.9007931915226273
0.8964057411515598
0.8919286509533796
0.8873623686333755
0.8827073508159741
0.8779640629990781
0.8731329795075164
0.8682145834456126
0.8632093666488737
0.8581178296348089
0.8529404815528762
0.8476778401335698
0.8423304316366457
0.8368987907984977
0.8313834607786831
0.825784993105608
0.8201039476213742
0.814340892425796
0.8084964038195901
0.8025710662467472
0.7965654722360865
0.7904802223420048
0.7843159250844198
0.7780731968879212
0.7717526620201257
0.7653549525292536
0.7588807081809218
0.7523305763941707
0.74570521217672
0.7390052780594708
0.7322314440302514
0.7253843874668195
0.7184647930691263
0.7114733527908443
0.7044107657701763
0.6972777382599378
0.6900749835569364
0.6828032219306397
0.675463180551151
0.668055593416491
0.6605812012792007
0.6530407515722648
0.6454349983343707
0.6377647021345036
0.6300306299958922
0.6222335553193047
0.6143742578057118
0.6064535233783147
0.5984721441039565
0.5904309181139127
0.5823306495240819
0.5741721483545723
0.5659562304487028
0.5576837173914166
0.5493554364271266
0.5409722203769886
0.5325349075556212
0.5240443416872761
0.5155013718214642
0.5069068522480534
0.49826164241183857
0.4895666068265995
0.48082261498864826
0.47203054128988264
0.4631912649303452
0.45430566983030646
0.44537464454187115
0.4363990821601263
0.4273798802338298
0.418317940675659
0.4092141696720173
0.4000694775924195
0.3908847788984522
0.38166099205233167
0.3723990394250553
0.3630998472041683
0.3537643453011427
0.34439346725839
0.33498815015590466
0.32554933451756
0.3160779642170538
0.30657498638352293
0.2970413513068324
0.2874780123425444
0.2778859258165868
0.2682660509296179
0.25861934966111083
0.24894678667315256
0.23924932921398243
0.2295279470212642
0.21978361222511694
0.21001729925089915
0.20022998472177053
0.19042264736102704
0.18059626789423291
0.17075182895114532
0.16089031496745576
0.15101271208634384
0.1411200080598672
0.1312131921501838
0.12129325503062975
0.11136118868664958
0.10141798631660186
0.09146464223243675
0.08150215176026912
0.07153151114084326
0.06155371742991315
0.05156976839853464
0.04158066243329049
0.031587398436453896
0.02159097572609596
0.011592393936158275
0.0015926529164868282
-0.008407247367148618
-0.01840630693305381
-0.02840352588360379
-0.03839790450523538
-0.04838844336841415
-0.058374143427580086
-0.06835400612104778
-0.0783270334708653
-0.0882922281826076
-0.09824859374510868
-0.10819513453010837
-0.11813085589181781
-0.12805476426637968
-0.13796586727122728
-0.14786317380431852
-0.15774569414324865
-0.16761244004421832
-0.17746242484086058
-0.18729466354290317
-0.19710817293466984
-0.20690197167339977
-0.21667508038737962
-0.22642652177388314
-0.236155320696897
-0.24586050428463702
-0.2555411020268312
-0.26519614587177337
-0.274824670323124
-0.28442571253646254
-0.2939983124155676
-0.30354151270842933
-0.3130543591029702
-0.322535900322479
-0.3319851882207341
-0.34140127787682095
-0.35078322768961984
-0.36013009947196856
-0.3694409585444771
-0.37871487382899804
-0.3879509179417303
-0.3971481672859602
-0.4063057021444168
-0.41542260677124626
-0.4244979694835826
-0.43353088275271773
-0.44252044329485246
-0.45146575216142315
-0.4603659148289983
-0.46922004128872713
-0.47802724613534286
-0.48678664865569937
-0.4954973729168449
-0.5041585478536115
-0.5127693073557238
-0.5213287903544065
-0.5298361409084934
-0.5382905082900177
-0.5466910470692872
-0.5550369171994238
-0.56332728410037
-0.5715613187423437
-0.5797381977287431
-0.5878571033784827
-0.5959172238077642
-0.6039177530112606
-0.6118578909427193
-0.6197368435949633
-0.6275538230792936
-0.6353080477042756
-0.6429987420539088
-0.6506251370651673
-0.6581864701049049
-0.6656819850461192
-0.6731109323435617
-0.680472569108694
-0.6877661591839738
-0.694990973216472
-0.7021462887308054
-0.7092313902013861
-0.7162455691239705
-0.7231881240865121
-0.7300583608392995
-0.7368555923643834
-0.7435791389442746
-0.750228328229919
-0.7568024953079282
-0.7633009827670734
-0.7697231407640244
-0.7760683270883323
-0.7823359072266528
-0.788525254426195
-0.7946357497573974
-0.8006667821758177
-0.8066177485832405
-0.8124880538879843
-0.8182771110644103
-0.8239843412116258
-0.8296091736113709
-0.8351510457850935
-0.8406094035501945
-0.8459837010754465
-0.8512734009355745
-0.8564779741650012
-0.8615969003107405
-0.8666296674844443
-0.8715757724135882
-0.8764347204918014
-0.8812060258283253
-0.8858892112966027
-0.8904838085819885
-0.8949893582285835
-0.8994054096851777
-0.9037315213503057
-0.9079672606164054
-0.9121122039130803
-0.9161659367494549
-0.920128053755624
-0.9239981587231879
-0.9277758646448755
-0.9314607937532425
-0.9350525775584494
-0.9385508568851079
-0.941955281908201
-0.9452655121880633
-0.9484812167044256
-0.951602073889516
-0.9546277716602164
-0.9575580074492711
-0.9603924882355434
-0.9631309305733167
-0.9657730606206388
-0.9683186141667072
-0.9707673366582883
-0.9731189832251739
-0.9753733187046665
-0.977530117665097
-0.9795891644283669
-0.9815502530915156
-0.9834131875473108
-0.9851777815038595
-0.9868438585032365
-0.9884112519391306
-0.9898798050735039
-0.991249371052267
-0.9925198129199632
-0.9936910036334645
-0.9947628260746756
-0.9957351730622453
-0.9966079473622855
-0.9973810616980933
-0.9980544387588794
-0.9986280112074989
-0.9991017216871848
-0.999475522827284
-0.999749377247994
-0.9999232575641008
-0.999997146387718
-0.9999710363300245
-0.9998449300020044
-0.9996188400141854
-0.999292788975378
-0.9988668094904142
-0.9983409441568876
-0.9977152455608933
-0.9969897762717695
-0.9961646088358407
-0.9952398257691626
-0.9942155195492713
-0.9930917926059354
-0.9918687573109126
-0.9905465359667132
-0.9891252607943698
-0.9876050739202153
-0.9859861273616704
-0.9842685830120416
-0.9824526126243325
-0.9805383977940689
-0.9785261299411385
-0.9764160102906497
-0.9742082498528091
-0.9719030694018208
-0.9695006994538088
-0.967001380243766
-0.9644053617015305
-0.9617129034267934
-0.9589242746631385
-0.9560397542711181
-0.9530596307003675
-0.9499842019607608
-0.9468137755926089
-0.9435486686359066
-0.9401892075986283
-0.9367357284240789
-0.9331885764572976
-0.9295481064105251
-0.9258146823277321
-0.9219886775482162
-0.918070474669267
-0.914060465507907
-0.9099590510617106
-0.9057666414687044
-0.9014836559663548
-0.8971105228496424
-0.8926476794282346
-0.8880955719827542
-0.8834546557201531
-0.8787253947281899
-0.8739082619290224
-0.8690037390319161
-0.8640123164850744
-0.858934493426592
-0.8537707776345433
-0.8485216854762041
-0.8431877418564168
-0.8377694801650978
-0.8322674422239013
-0.8266821782320357
-0.821014246711247
-0.8152642144499634
-0.8094326564466194
-0.8035201558521553
-0.7975273039117042
-0.791454699905466
-0.7853029510887806
-0.7790726726314031
-0.7727644875559871
-0.7663790266757844
-0.759916928531561
-0.7533788393277465
-0.7467654128678123
-0.7400773104888944
-0.7333152009956565
-0.7264797605934131
-0.7195716728205075
-0.7125916284799615
-0.7055403255703919
-0.6984184692162135
-0.6912267715971264
-0.6839659518769007
-0.6766367361314569
-0.669239857276262
-0.6617760549930369
-0.6542460756557914
-0.6466506722561834
-0.6389906043282237
-0.6312666378723208
-0.6234795452786853
-0.6156301052500863
-0.6077191027239858
-0.5997473287940438
-0.5917155806310094
-0.5836246614030073
-0.5754753801952172
-0.5672685519289686
-0.5590049972802488
-0.5506855425976376
-0.5423110198196698
-0.5338822663916443
-0.5254001251818793
-0.5168654443974288
-0.5082790774992584
-0.49964188311690244
-0.49095472496260095
-0.48221847174493154
-0.47343399708193507
-0.46460217941375737
-0.4557239019148047
-0.44680005240543
-0.4378315232631469
-0.4288192113333959
-0.4197640178398589
-0.41066684829434086
-0.4015286124062146
-0.39235022399145386
-0.38313260088125134
-0.373876664830236
-0.3645833414243013
-0.35525355998804264
-0.34588825349182883
-0.3364883584585042
-0.32705481486974064
-0.31758856607203484
-0.3080905586823781
-0.2985617424935936
-0.2890030703793611
-0.27941549819892586
-0.26979998470151617
-0.26015749143046807
-0.2504889826270749
-0.2407954251341592
-0.23107778829939224
-0.22133704387835867
-0.21157416593738504
-0.2017901307561289
-0.19198591672995502
-0.18216250427209502
-0.17232087571561025
-0.1624620152151542
-0.15258690864856114
-0.14269654351825772
-0.13279190885251674
-0.12287399510655005
-0.11294379406346737
-0.10300229873509785
-0.0930505032626889
-0.0830894028174964
-0.07311999350126308
-0.06314327224661277
-0.053160236717356125
-0.04317188520872868
-0.03317921654755682
-0.02318322999237945
-0.013184925133521251
-0.0031853017931379904
0.006814640074770176
0.016813900484349713
0.026811479517893238
0.03680637742582692
0.04679759472668989
0.05678413230707805
0.06676499152155635
0.07673917429251892
0.08670568321000133
0.09666352163141724
0.10661169378122355
0.11654920485049364
0.1264750610964027
0.13638826994159764
0.14628784007345494
0.1561727815432119
0.1660421058649572
0.175894826114484
0.18572995702797787
0.19554651510054424
0.2053435186845546
0.21511998808781552
0.2248749456715337
0.2346074159480808
0.24431642567853773
0.2540010039700231
0.2636601823727784
0.27329299497701326
0.28289847850949296
0.2924756724298697
0.30202361902673236
0.3115413635133787
0.32102795412328977
0.3304824422053109
0.3399038823185127
0.3492913323267357
0.35864385349280037
0.36796051057238466
0.3772403719075444
0.38648250951987934
0.3956859992033308
0.4048499206165983
0.413973357375178
0.42305539714299684
0.43209513172364716
0.44109165715120235
0.4500440737806176
0.4589514863776903
0.4678130042085843
0.4766277411288995
0.48539481567229026
0.49411335113860816
0.5027824756815727
0.5114013223959524
0.5199690294042587
0.5284847399429308
0.5369476024480118
0.545356770640302
0.5537114036099907
0.562010665900743
0.5702537275932467
0.5784397643882001
0.5865679576887464
0.5946374946823286
0.6026475684219723
0.6105973779069791
0.618486128163024
0.6263130303216559
0.6340773016991814
0.6417781658749337
0.6494148527689112
NOISY DATA:
-0.11525102163441847
-0.13319656056372817
-0.00734610666155092
-0.027559147834408722
0.07138711867140327
0.1833535040863813
0.2292715820551276
-0.0514468512266953
0.038638449396688646
0.004559572166292394
0.08506252858157393
-0.04801655857463595
-0.011552856246679302
0.3175682603208394
0.10732430130309664
0.3235476311296409
0.048451050573588006
0.2266747190745774
0.15794529180990266
0.3815936240852805
0.14608713471605708
0.34209013910711955
-0.01732080075620307
0.2859725800712096
0.35756821699895314
0.3176024987636946
0.23784752858367328
0.10702214487755521
0.2951055689791323
0.39284992200812974
0.5277632782677204
0.07901228788105669
0.12136869432350736
0.5149588659171974
0.24579653550922503
0.25671282171173987
0.5123993800078058
0.5463084573922905
0.49293450517167314
0.19227273498042974
0.45432395447743057
0.6408320993299781
0.5569891997927992
0.6621437756090811
0.6703836546545789
0.3230296974116713
0.5880487674799093
0.475432055769214
0.24213892283613248
0.5715962164515
0.31639317352916285
0.6587391486787221
0.4650782912267942
0.6664628908262953
0.4869865953697686
0.36091628538110165
0.40766687417798486
0.29844795575398464
0.4015126949911507
0.6441648035506308
0.3673475719641183
0.5959999158239541
0.4068389811537404
0.6749968796972519
0.411516606259189
0.4497413880785506
0.4342415003032789
0.6733091836904057
0.46240261108551656
0.5194263170430296
0.7494333011619614
0.8486144700307677
0.6950335221819243
0.8399718929661564
0.6780902247969001
0.7192178677096267
0.58650718919014
0.6837283309837443
0.7158888392843149
0.79912990057022
0.5286803180216878
0.8572061810361276
0.7453848631534856
0.6364718117956262
0.5290576468793076
0.5061112289214476
0.5419868869955744
0.5457604825387121
1.0054907080473607
0.5546387612907708
0.5359218491059557
0.6766912719662977
0.8452984243672126
0.7659362953243808
0.5594056675526169
0.5670653125843053
1.0473737849803806
0.6492831539217633
0.9113055765837472
0.6160899795284565
0.6705079439581776
0.8900487763466984
0.7145992210553
0.8940733733884013
0.6929966088539588
0.8733492318113067
0.6274417094432202
0.6918250970781383
1.0684939317628472
1.0754610576758392
1.04854341116018
0.7704757577381625
0.9755043452071321
0.9935343939304371
0.9636174074797663
0.8910653880926536
1.0963390933569594
0.7336852660551094
0.8429860013259811
0.8927482787702719
1.0152926557273065
1.1615147764855702
0.8879640852669333
0.781939032388073
0.9341752384796898
0.7941390796220842
0.9170940354091508
0.8754000008743528
1.1097315750807628
0.9403240116480183
0.8511439875255161
0.9996056487136699
0.7643784949230206
1.2099014960688168
0.8204978970246509
0.7828117395220681
0.8644459425939592
1.0871413811275876
1.0304715457659062
0.9839205384614654
1.1064868429031558
1.1963531301321995
0.7730775795165451
1.081114284742939
1.062874815075485
0.9145833460479917
0.8370861642218388
1.2030817169209151
0.842671121886041
1.041960478398156
1.0787237071800344
0.7722628878535123
1.2309181329073704
0.7508923509124106
0.8744395362125092
1.0812410789727036
0.8900514135540811
0.9162927473632734
0.9405970589153181
1.0054945621927414
0.9481253820734155
1.0115457712729847
0.7899521591954763
1.1233648007951176
0.8639612099589913
1.1008597292603772
1.059140898360346
1.0724738332178043
0.961922592410304
1.1794421172691925
0.7684001891926988
1.1506258467101003
0.7902110438588046
0.956055831910115
1.191821195665577
0.7617574229048432
1.1851500594696651
1.125768789256039
1.069510508367712
1.121440995503089
0.738056346828736
0.863201548987844
1.086951040167604
0.774605492340484
0.7258720424647717
1.0155708510169454
1.0707018564422706
1.1008281044962507
1.1328093290003272
1.190211113564346
0.7191576666418684
0.9952961183547935
1.1102981797245877
0.7785458161357792
0.7346896209954189
1.0696284248175798
0.8874470622595899
1.108789365974466
0.9648628383006543
0.9110435663601075
0.9989722647597884
0.88716910192161
0.842275859149423
0.9695347468876803
1.1041821550085673
0.7253720519707515
1.0744929396658394
0.7072931432061016
0.8387781972603341
0.8728946139765799
0.7393815983420777
0.7854314088171938
0.9167846041322643
0.9426363238553617
0.8698654597465927
0.915281473991011
1.0407548899948673
0.9617549468852774
0.7539543673201339
0.8669957488763651
1.0082629156268914
0.5789745154853212
0.7917924165426347
0.9062727317093908
0.8047597820028944
0.9592787051405597
0.6948425797794054
0.5585365938437158
1.007944714400271
0.7667232632003725
0.7436688565963889
0.5871489020114857
0.6312360297072522
0.9610420193273792
0.5772899307584747
0.6094627466461567
0.5121265690497722
0.895886001942257
0.7481592508979047
0.6236551916463198
0.4325569327184754
0.6079447853752864
0.7067305722436322
0.7445174177272829
0.7996673635084439
0.6942350386063332
0.44805651569812727
0.5603198948921504
0.8319050228813379
0.5234052425182837
0.726643649957122
0.5649514819027431
0.6524227938534565
0.6367352569128801
0.6982265301392878
0.5851916974521094
0.6023421806886825
0.5838776585342748
0.7095749239833217
0.48984564879952297
0.6037354462126556
0.4856238233668507
0.3213566600344825
0.3429823698609933
0.5046793497326674
0.23817765320268183
0.5872802503294432
0.6622908545877363
0.31118601421149195
0.3409660893206979
0.48985746608032277
0.42466291270129014
0.19356459807747425
0.15455991699127242
0.51814086161673
0.6045093849949568
0.4601876123148424
0.5399755099142709
0.24724571751803676
0.54586676775257
0.19398118799836297
0.45600830772843404
0.5486639049533152
0.5482072810593929
0.2823528527212458
0.4881853155977335
0.2751872672699271
0.07653703902935469
0.14468354110478723
0.1218632739282201
0.2735807983128695
0.32066631831266
0.001828321240541636
0.26628167330113195
0.05179796766204353
0.3141291355422605
0.03139348896660221
0.2711948265790465
-0.07069584447165533
0.1492962812604343
0.37415467175882944
0.11940348137094692
0.3494144850439631
0.1536676738885996
0.3202255172989432
0.2068056878867135
0.11681877057642889
-0.05498120070684441
-0.15750789401485912
-0.13953312716755661
-0.08773719100192372
-0.0076530943650827896
0.14310977760331006
0.2230082922296186
0.1125957513856066
-0.04151579953186787
-0.17566319270529784
-0.04087337018407888
0.07855287437224175
0.07604080336008891
-0.1370544882144627
-0.24974981152313028
-0.12076190775386962
0.13266271608456065
0.08607077800840389
-0.11293661917013156
-0.33766612978456206
-0.26525619436705017
-0.38403694402817634
0.04210465417163575
-0.1547966868709838
-0.41331590907197047
-0.3473205618450166
-0.19260695637679137
-0.02457110712043023
-0.23902819163821035
-0.11643463041109373
-0.3123265894292906
-0.3698119972410073
-0.1968200470795287
-0.1151490128344779
-0.24540263878505217
-0.3313082699907691
-0.17510510169809618
-0.045752767413333645
-0.3295857606100299
-0.3620360879842374
-0.28266060192191256
-0.502285261260334
-0.14778906930542635
-0.3829963064871893
-0.5421381464427671
-0.4917924700418623
-0.5567234119753179
-0.5150164294558692
-0.44973257376577613
-0.4880821447704352
-0.569538223458174
-0.22778261719786572
-0.2377362873762681
-0.3611214019950726
-0.6899521413063844
-0.408563377588149
-0.30827934080138153
-0.5894093230559564
-0.3985428817530833
-0.6752951219380876
-0.4407837905352653
-0.4835431024762409
-0.3705752242847415
-0.5512681243814139
-0.4082295935060549
-0.3128203203014924
-0.7543183737821718
-0.4329498045896889
-0.7964782243294021
-0.6925191879162282
-0.5006426709864177
-0.7530025882523539
-0.429092470196892
-0.715175632756145
-0.6291580742142162
-0.8528591607805596
-0.672703575228443
-0.6449168165360021
-0.5964432184284748
-0.7283207696609115
-0.8128688977554359
-0.6835856131854909
-0.7397448993156469
-0.6766317380118155
-0.6920700315750541
-0.814890088148058
-0.882323643601314
-0.8156709957506847
-0.6372057153374991
-0.7233819237102965
-0.5496992148265805
-0.9060444146289464
-0.803169483795225
-0.558890694578249
-0.8350081138303375
-0.5700461630168028
-0.5744005242159196
-0.9191697708566121
-0.7464526093054527
-0.5970618639620724
-1.0477949869943257
-0.7966317373735893
-0.6369434784239563
-1.0674035616057
-0.9766835515500476
-0.9415831464282789
-1.0501244804971905
-0.9731965632710371
-0.857371523509986
-0.6751656261098484
-0.6246452102700268
-0.9812482542020605
-0.7612494684219641
-1.064641589769898
-1.123257695543572
-1.0182691321706134
-0.8544279518345879
-0.8047826256623137
-0.676334882675365
-0.9180339050229971
-1.135038750482618
-0.7620117363431527
-1.1114957185205945
-0.7440810134419418
-0.8477908758536881
-1.0025903267556537
-1.151434210600951
-1.1296650329325086
-1.0487398625786726
-0.8467117721044601
-0.7982688316290053
-0.8603167695696681
-1.0421236237494589
-0.8620986098732518
-0.8211980903635727
-1.0144396675297864
-0.999000885562686
-0.96887591418254
-0.7185820053076833
-0.7219519655487523
-1.1334312059724643
-0.9176486966085503
-0.8638397195925818
-0.9847359384564838
-0.8355623244768624
-0.878752618096624
-0.8339605805394962
-0.7644821202962211
-0.8992376502038124
-1.1492396621533358
-1.1798888771769078
-0.7577993511067347
-0.9930005847184288
-1.1902412110525917
-0.7953768500019707
-0.7499580158707148
-0.8812495507936052
-1.1659499752104023
-1.1658921789466747
-0.9419891581934284
-0.7547032007799676
-0.9957085311074789
-0.7689617767906662
-0.8253539240571515
-1.070032796530856
-0.7741702873383
-1.184783301362292
-0.9872295055356157
-0.7528157207113937
-0.9796519819082716
-0.782293920623637
-1.0281114149115749
-1.0541636412689277
-0.8542312939827119
-0.8902804233039872
-1.0634325406196965
-0.921906294801425
-0.9316806430838326
-0.7879045280812711
-1.1318538693983087
-0.9746997343264174
-1.234545610064681
-1.0526099829127713
-1.2309666098114427
-0.9812422829390774
-0.983907964812345
-0.8401047240278355
-0.8439419640534069
-1.1448064013633998
-0.8072361425679201
-1.1338290964793358
-1.1878676142774776
-0.7769503855165976
-1.1608964848349146
-0.7755371700243716
-1.1284224464825643
-1.159865326949314
-0.8421146681455935
-0.9592557845469283
-0.8533776114057767
-0.7228047915736604
-0.7476803387267572
-0.6949470153892072
-0.9767271384468776
-1.0205529085186598
-0.6844902278270267
-0.7341464158345847
-0.9922474315289083
-0.7677674660112669
-1.139135138778039
-0.8825112949080376
-0.7385410447051498
-1.112580905368469
-0.9840384726587887
-0.9068164642275278
-1.0366719510971918
-0.7091859159366861
-1.111125395373243
-0.9750683513812353
-0.9080323821983136
-0.7999581431645151
-1.0684971417108962
-1.0716716462632156
-0.8718850454847537
-0.9328328872154004
-0.9821274977000177
-0.587950176113452
-0.7351093781360886
-0.8171816967339339
-0.6406703589801181
-0.646932631479198
-0.7151655520513673
-0.8607355053682108
-0.7178599425188615
-0.6244375159041651
-0.69844910857172
-0.9631963202113919
-0.8632116368334024
-0.8045025373920325
-0.6289324528021123
-0.5583000483673843
-0.4829855740890223
-0.6013066285414168
-0.6560744030903399
-0.7457795319831204
-0.910787232333797
-0.9068334807389518
-0.4356899233500866
-0.8025838154787286
-0.5805093186119005
-0.7908427435481995
-0.4618402358385132
-0.6239320587360385
-0.6044436196513596
-0.4591252161616668
-0.8435754370784116
-0.6576375616442236
-0.42685170742225487
-0.5563614545526273
-0.5962926881333683
-0.815709293252291
-0.7561313362894941
-0.36812539794311927
-0.5492433395581025
-0.5289140611596469
-0.39156624975475907
-0.6248144666567315
-0.4945528698898052
-0.516641842092354
-0.6350452172767985
-0.7307637228503348
-0.5386681830399005
-0.2698133207423944
-0.4076152466606301
-0.3014327659002008
-0.500963223841841
-0.35216546447487207
-0.24842605221006836
-0.3431107690988846
-0.43130386726461506
-0.48989574524585433
-0.6145192878598753
-0.3845421619311395
-0.4696199725879952
-0.2864821342220042
-0.5446915333982317
-0.3154634148651905
-0.21514269137703018
-0.1565921088565134
-0.4393149310389695
-0.4594959368211885
-0.263643965105006
-0.062006923645280515
-0.3439913365414257
-0.22754066368265893
-0.4587919200860976
-0.34902056137740367
-0.282719598763734
-0.07355068278448759
-0.06730796256795774
-0.444423534953426
-0.28750271512455305
-0.0875217123222363
-0.30713389599778484
-0.2403670090153771
-0.38053404059256246
0.009279946017381024
-0.2783111583927181
-0.26099730112436037
0.020421195221240626
-0.129280690757076
-0.21140759071901027
-0.16173560227024567
0.1592035491337605
-0.15465400531777612
0.08092163210209781
0.021563650098204344
-0.14185906720388597
-0.17735039750910236
-0.15089429360640907
-0.15488699412160545
0.19737223027388354
-0.20897139959536487
-0.17974071466434058
-0.04013089380251027
0.018581271947366043
0.2921927304529883
-0.023873119851427642
0.059275314715801636
-0.09444113759933545
0.24253412630929266
0.08584464107237148
0.31671671798775614
-0.08546889217771167
0.03579309676663303
0.3387818963092494
0.08869174691521486
-0.028474197448334848
0.09159980617756297
0.11719785989208406
0.0074570302916159015
0.28622980167942197
0.3981603970832597
0.45068529154064324
0.3106744844566116
0.2592377381178914
0.21027616412456948
0.22372785488811198
0.12230302082831518
0.3285044164872579
0.24458373400992667
0.17043197689498035
0.43549491983961497
0.29652677198490207
0.44001206350431155
0.5702322072134236
0.19653252742317334
0.4385199235688231
0.5694285794102009
0.44791549748750414
0.3431928429050306
0.26667001680216995
0.5772381033192042
0.166854389329844
0.3517359909008248
0.1947383784608749
0.23535162510171917
0.24583764584916906
0.4058954397547435
0.3725061979725296
0.5639167291118605
0.43611405589604224
0.45396432433923295
0.5078862549613276
0.5939000367868883
0.582955346056218
0.36971161260500585
0.5272967572594818
0.6046215515935649
0.7549727128512472
0.5254287921435475
0.4850271215021442
0.6263985200371213
0.40365986472952786
0.6774072044479696
0.4678073195491822
0.8087203385445949
0.7554799508028387
0.662234247813633
0.4614548513155181
0.47445654504372425
0.8329384135957364
0.48937849942446643
