CLEAN DATA:
0.0
0.009999833334166664
0.01999866669333308
0.02999550020249566
0.03998933418663416
0.04997916927067833
0.059964006479444595
0.06994284733753277
0.0799146939691727
0.08987854919801104
0.09983341664682815
0.10977830083717481
0.11971220728891936
0.12963414261969486
0.1395431146442365
0.14943813247359922
0.15931820661424598
0.16918234906699603
0.17902957342582418
0.18885889497650057
0.19866933079506122
0.20845989984609956
0.21822962308086932
0.2279775235351884
0.23770262642713458
0.24740395925452294
0.2570805518921551
0.26673143668883115
0.27635564856411376
0.28595222510483553
0.29552020666133955
0.3050586364434435
0.31456656061611776
0.32404302839486837
0.3334870921408144
0.3428978074554514
0.35227423327508994
0.361615431964962
0.3709204694129827
0.3801884151231614
0.3894183423086505
0.39860932798442295
0.40776045305957015
0.41687080242921076
0.4259394650659996
0.43496553411123023
0.4439481069655198
0.45288628537906833
0.4617791755414829
0.470625888171158
0.479425538604203
0.4881772468829075
0.49688013784373675
0.5055333412048469
0.5141359916531132
0.5226872289306592
0.5311861979208834
0.5396320487339693
0.5480239367918736
0.5563610229127838
0.5646424733950354
0.5728674601004813
0.5810351605373051
0.5891447579422695
0.5971954413623921
0.6051864057360395
0.6131168519734338
0.6209859870365597
0.6287930240184686
0.636537182221968
0.6442176872376911
0.6518337710215366
0.6593846719714731
0.6668696350036979
0.674287911628145
0.6816387600233341
0.6889214451105513
0.6961352386273567
0.7032794192004101
0.7103532724176078
0.7173560908995228
0.7242871743701426
0.7311458297268959
0.7379313711099628
0.7446431199708593
0.7512804051402927
0.757842562895277
0.7643289370255051
0.7707388788989693
0.7770717475268238
0.7833269096274834
0.7895037396899505
0.795601620036366
0.8016199408837772
0.8075581004051143
0.8134155047893737
0.8191915683009983
0.8248857133384501
0.8304973704919705
0.8360259786005205
0.8414709848078965
0.8468318446180152
0.852108021949363
0.8572989891886034
0.8624042272433384
0.867423225594017
0.8723554823449863
0.8772005042746817
0.8819578068849475
0.8866269144494873
0.8912073600614354
0.8956986856800476
0.9001004421765051
0.904412189378826
0.9086334961158833
0.9127639402605211
0.9168031087717669
0.9207505977361357
0.9246060124080203
0.9283689672491666
0.9320390859672263
0.9356160015533859
0.9390993563190676
0.9424888019316975
0.945783999449539
0.9489846193555862
0.9520903415905158
0.9551008555846923
0.9580158602892249
0.9608350642060727
0.963558185417193
0.966184951612734
0.9687151001182652
0.9711483779210446
0.9734845416953194
0.9757233578266591
0.9778646024353163
0.9799080613986142
0.9818535303723598
0.9837008148112766
0.9854497299884603
0.9871001010138504
0.9886517628517197
0.9901045603371778
0.9914583481916864
0.9927129910375885
0.9938683634116449
0.9949243497775809
0.99588084453764
0.9967377520431434
0.9974949866040544
0.9981524724975481
0.998710143975583
0.999167945271476
0.9995258306054791
0.999783764189357
0.9999417202299663
0.9999996829318346
0.9999576464987401
0.9998156151342908
0.9995736030415051
0.9992316344213905
0.998789743470524
0.9982479743776325
0.9976063813191737
0.9968650284539189
0.9960239899165367
0.9950833498101802
0.994043202198076
0.9929036510941185
0.9916648104524686
0.990326804156158
0.9888897660047015
0.9873538397007164
0.9857191788355535
0.9839859468739369
0.9821543171376185
0.9802244727880455
0.9781966068080447
0.9760709219825242
0.9738476308781951
0.9715269558223153
0.9691091288804563
0.9665943918332975
0.9639829961524481
0.9612752029752999
0.9584712830789142
0.955571516852944
0.9525761942715953
0.9494856148646305
0.9463000876874145
0.9430199312900105
0.9396454736853249
0.9361770523163061
0.9326150140222005
0.9289597150038693
0.9252115207881683
0.9213708061913954
0.9174379552818098
0.9134133613412252
0.9092974268256817
0.9050905633252009
0.9007931915226273
0.8964057411515598
0.8919286509533796
0.8873623686333755
0.8827073508159741
0.8779640629990781
0.8731329795075164
0.8682145834456126
0.8632093666488737
0.8581178296348089
0.8529404815528762
0.8476778401335698
0.8423304316366457
0.8368987907984977
0.8313834607786831
0.825784993105608
0.8201039476213742
0.814340892425796
0.8084964038195901
0.8025710662467472
0.7965654722360865
0.7904802223420048
0.7843159250844198
0.7780731968879212
0.7717526620201257
0.7653549525292536
0.7588807081809218
0.7523305763941707
0.74570521217672
0.7390052780594708
0.7322314440302514
0.7253843874668195
0.7184647930691263
0.7114733527908443
0.7044107657701763
0.6972777382599378
0.6900749835569364
0.6828032219306397
0.675463180551151
0.668055593416491
0.6605812012792007
0.6530407515722648
0.6454349983343707
0.6377647021345036
0.6300306299958922
0.6222335553193047
0.6143742578057118
0.6064535233783147
0.5984721441039565
0.5904309181139127
0.5823306495240819
0.5741721483545723
0.5659562304487028
0.5576837173914166
0.5493554364271266
0.5409722203769886
0.5325349075556212
0.5240443416872761
0.5155013718214642
0.5069068522480534
0.49826164241183857
0.4895666068265995
0.48082261498864826
0.47203054128988264
0.4631912649303452
0.45430566983030646
0.44537464454187115
0.4363990821601263
0.4273798802338298
0.418317940675659
0.4092141696720173
0.4000694775924195
0.3908847788984522
0.38166099205233167
0.3723990394250553
0.3630998472041683
0.3537643453011427
0.34439346725839
0.33498815015590466
0.32554933451756
0.3160779642170538
0.30657498638352293
0.2970413513068324
0.2874780123425444
0.2778859258165868
0.2682660509296179
0.25861934966111083
0.24894678667315256
0.23924932921398243
0.2295279470212642
0.21978361222511694
0.21001729925089915
0.20022998472177053
0.19042264736102704
0.18059626789423291
0.17075182895114532
0.16089031496745576
0.15101271208634384
0.1411200080598672
0.1312131921501838
0.12129325503062975
0.11136118868664958
0.10141798631660186
0.09146464223243675
0.08150215176026912
0.07153151114084326
0.06155371742991315
0.05156976839853464
0.04158066243329049
0.031587398436453896
0.02159097572609596
0.011592393936158275
0.0015926529164868282
-0.008407247367148618
-0.01840630693305381
-0.02840352588360379
-0.03839790450523538
-0.04838844336841415
-0.058374143427580086
-0.06835400612104778
-0.0783270334708653
-0.0882922281826076
-0.09824859374510868
-0.10819513453010837
-0.11813085589181781
-0.12805476426637968
-0.13796586727122728
-0.14786317380431852
-0.15774569414324865
-0.16761244004421832
-0.17746242484086058
-0.18729466354290317
-0.19710817293466984
-0.20690197167339977
-0.21667508038737962
-0.22642652177388314
-0.236155320696897
-0.24586050428463702
-0.2555411020268312
-0.26519614587177337
-0.274824670323124
-0.28442571253646254
-0.2939983124155676
-0.30354151270842933
-0.3130543591029702
-0.322535900322479
-0.3319851882207341
-0.34140127787682095
-0.35078322768961984
-0.36013009947196856
-0.3694409585444771
-0.37871487382899804
-0.3879509179417303
-0.3971481672859602
-0.4063057021444168
-0.41542260677124626
-0.4244979694835826
-0.43353088275271773
-0.44252044329485246
-0.45146575216142315
-0.4603659148289983
-0.46922004128872713
-0.47802724613534286
-0.48678664865569937
-0.4954973729168449
-0.5041585478536115
-0.5127693073557238
-0.5213287903544065
-0.5298361409084934
-0.5382905082900177
-0.5466910470692872
-0.5550369171994238
-0.56332728410037
-0.5715613187423437
-0.5797381977287431
-0.5878571033784827
-0.5959172238077642
-0.6039177530112606
-0.6118578909427193
-0.6197368435949633
-0.6275538230792936
-0.6353080477042756
-0.6429987420539088
-0.6506251370651673
-0.6581864701049049
-0.6656819850461192
-0.6731109323435617
-0.680472569108694
-0.6877661591839738
-0.694990973216472
-0.7021462887308054
-0.7092313902013861
-0.7162455691239705
-0.7231881240865121
-0.7300583608392995
-0.7368555923643834
-0.7435791389442746
-0.750228328229919
-0.7568024953079282
-0.7633009827670734
-0.7697231407640244
-0.7760683270883323
-0.7823359072266528
-0.788525254426195
-0.7946357497573974
-0.8006667821758177
-0.8066177485832405
-0.8124880538879843
-0.8182771110644103
-0.8239843412116258
-0.8296091736113709
-0.8351510457850935
-0.8406094035501945
-0.8459837010754465
-0.8512734009355745
-0.8564779741650012
-0.8615969003107405
-0.8666296674844443
-0.8715757724135882
-0.8764347204918014
-0.8812060258283253
-0.8858892112966027
-0.8904838085819885
-0.8949893582285835
-0.8994054096851777
-0.9037315213503057
-0.9079672606164054
-0.9121122039130803
-0.9161659367494549
-0.920128053755624
-0.9239981587231879
-0.9277758646448755
-0.9314607937532425
-0.9350525775584494
-0.9385508568851079
-0.941955281908201
-0.9452655121880633
-0.9484812167044256
-0.951602073889516
-0.9546277716602164
-0.9575580074492711
-0.9603924882355434
-0.9631309305733167
-0.9657730606206388
-0.9683186141667072
-0.9707673366582883
-0.9731189832251739
-0.9753733187046665
-0.977530117665097
-0.9795891644283669
-0.9815502530915156
-0.9834131875473108
-0.9851777815038595
-0.9868438585032365
-0.9884112519391306
-0.9898798050735039
-0.991249371052267
-0.9925198129199632
-0.9936910036334645
-0.9947628260746756
-0.9957351730622453
-0.9966079473622855
-0.9973810616980933
-0.9980544387588794
-0.9986280112074989
-0.9991017216871848
-0.999475522827284
-0.999749377247994
-0.9999232575641008
-0.999997146387718
-0.9999710363300245
-0.9998449300020044
-0.9996188400141854
-0.999292788975378
-0.9988668094904142
-0.9983409441568876
-0.9977152455608933
-0.9969897762717695
-0.9961646088358407
-0.9952398257691626
-0.9942155195492713
-0.9930917926059354
-0.9918687573109126
-0.9905465359667132
-0.9891252607943698
-0.9876050739202153
-0.9859861273616704
-0.9842685830120416
-0.9824526126243325
-0.9805383977940689
-0.9785261299411385
-0.9764160102906497
-0.9742082498528091
-0.9719030694018208
-0.9695006994538088
-0.967001380243766
-0.9644053617015305
-0.9617129034267934
-0.9589242746631385
-0.9560397542711181
-0.9530596307003675
-0.9499842019607608
-0.9468137755926089
-0.9435486686359066
-0.9401892075986283
-0.9367357284240789
-0.9331885764572976
-0.9295481064105251
-0.9258146823277321
-0.9219886775482162
-0.918070474669267
-0.914060465507907
-0.9099590510617106
-0.9057666414687044
-0.9014836559663548
-0.8971105228496424
-0.8926476794282346
-0.8880955719827542
-0.8834546557201531
-0.8787253947281899
-0.8739082619290224
-0.8690037390319161
-0.8640123164850744
-0.858934493426592
-0.8537707776345433
-0.8485216854762041
-0.8431877418564168
-0.8377694801650978
-0.8322674422239013
-0.8266821782320357
-0.821014246711247
-0.8152642144499634
-0.8094326564466194
-0.8035201558521553
-0.7975273039117042
-0.791454699905466
-0.7853029510887806
-0.7790726726314031
-0.7727644875559871
-0.7663790266757844
-0.759916928531561
-0.7533788393277465
-0.7467654128678123
-0.7400773104888944
-0.7333152009956565
-0.7264797605934131
-0.7195716728205075
-0.7125916284799615
-0.7055403255703919
-0.6984184692162135
-0.6912267715971264
-0.6839659518769007
-0.6766367361314569
-0.669239857276262
-0.6617760549930369
-0.6542460756557914
-0.6466506722561834
-0.6389906043282237
-0.6312666378723208
-0.6234795452786853
-0.6156301052500863
-0.6077191027239858
-0.5997473287940438
-0.5917155806310094
-0.5836246614030073
-0.5754753801952172
-0.5672685519289686
-0.5590049972802488
-0.5506855425976376
-0.5423110198196698
-0.5338822663916443
-0.5254001251818793
-0.5168654443974288
-0.5082790774992584
-0.49964188311690244
-0.49095472496260095
-0.48221847174493154
-0.47343399708193507
-0.46460217941375737
-0.4557239019148047
-0.44680005240543
-0.4378315232631469
-0.4288192113333959
-0.4197640178398589
-0.41066684829434086
-0.4015286124062146
-0.39235022399145386
-0.38313260088125134
-0.373876664830236
-0.3645833414243013
-0.35525355998804264
-0.34588825349182883
-0.3364883584585042
-0.32705481486974064
-0.31758856607203484
-0.3080905586823781
-0.2985617424935936
-0.2890030703793611
-0.27941549819892586
-0.26979998470151617
-0.26015749143046807
-0.2504889826270749
-0.2407954251341592
-0.23107778829939224
-0.22133704387835867
-0.21157416593738504
-0.2017901307561289
-0.19198591672995502
-0.18216250427209502
-0.17232087571561025
-0.1624620152151542
-0.15258690864856114
-0.14269654351825772
-0.13279190885251674
-0.12287399510655005
-0.11294379406346737
-0.10300229873509785
-0.0930505032626889
-0.0830894028174964
-0.07311999350126308
-0.06314327224661277
-0.053160236717356125
-0.04317188520872868
-0.03317921654755682
-0.02318322999237945
-0.013184925133521251
-0.0031853017931379904
0.006814640074770176
0.016813900484349713
0.026811479517893238
0.03680637742582692
0.04679759472668989
0.05678413230707805
0.06676499152155635
0.07673917429251892
0.08670568321000133
0.09666352163141724
0.10661169378122355
0.11654920485049364
0.1264750610964027
0.13638826994159764
0.14628784007345494
0.1561727815432119
0.1660421058649572
0.175894826114484
0.18572995702797787
0.19554651510054424
0.2053435186845546
0.21511998808781552
0.2248749456715337
0.2346074159480808
0.24431642567853773
0.2540010039700231
0.2636601823727784
0.27329299497701326
0.28289847850949296
0.2924756724298697
0.30202361902673236
0.3115413635133787
0.32102795412328977
0.3304824422053109
0.3399038823185127
0.3492913323267357
0.35864385349280037
0.36796051057238466
0.3772403719075444
0.38648250951987934
0.3956859992033308
0.4048499206165983
0.413973357375178
0.42305539714299684
0.43209513172364716
0.44109165715120235
0.4500440737806176
0.4589514863776903
0.4678130042085843
0.4766277411288995
0.48539481567229026
0.49411335113860816
0.5027824756815727
0.5114013223959524
0.5199690294042587
0.5284847399429308
0.5369476024480118
0.545356770640302
0.5537114036099907
0.562010665900743
0.5702537275932467
0.5784397643882001
0.5865679576887464
0.5946374946823286
0.6026475684219723
0.6105973779069791
0.618486128163024
0.6263130303216559
0.6340773016991814
0.6417781658749337
0.6494148527689112
NOISY DATA:
0.23818353274092488
-0.022491097499418064
0.20305683206181369
0.05328236563425195
0.11649637700518356
0.006877398631279702
0.058248666333870894
0.048863723906360415
0.23493325936615025
0.2961910769644491
-0.09284218913982611
0.27893821905117905
0.3229996339158261
0.06174381471122797
0.28312398127348914
0.1450179786338151
0.1671280427445346
0.34001440784809855
0.1315751107945727
0.27008845531613923
0.23747750620760422
0.29477214544034014
0.3150311909617743
0.23723535084076022
0.32484429457967623
0.41233425568314286
0.4430701387945128
0.1173521880581539
0.0857179976007787
0.14686201314190286
0.45965728424915286
0.49370658385703425
0.5326766391437395
0.3784047983225257
0.2316668877505331
0.5356046630557593
0.2530836314325594
0.29429547962859925
0.27004298511778146
0.46386374788683093
0.36347553930809895
0.1792275092092672
0.4233380729837354
0.2238233311662471
0.39879669071062307
0.1914372913475298
0.3716028090698401
0.3574295180986603
0.2947306219184904
0.3332737049964456
0.5594796370401166
0.7251940847804554
0.2646094079432905
0.5397711834787322
0.7568651958043313
0.36662610675938934
0.41950338271209364
0.697370725498271
0.5862682102185123
0.6237206634468401
0.5677480143717885
0.4057090668918906
0.5823948284308295
0.35278324683294393
0.8380021410656847
0.7772723523075771
0.4613866951205291
0.661153325294872
0.3949898414153513
0.7360680767750352
0.8823517729984349
0.7566202132379051
0.6962249701864562
0.6463790102028093
0.49907765375801516
0.6189949244935963
0.5756663341756296
0.745031831562818
0.9106357017808435
0.9535009481302434
0.7348622024453199
0.9039830730725957
0.8548562776604496
0.5330804861788976
0.7585471674649327
0.8994060466298268
0.9436393061252142
0.9401946492248507
0.6279039208756271
0.8217008891000219
0.9250210545357571
0.7713280712599287
0.7076345974617833
0.6387507006423149
0.899067011450341
0.6400681235742205
1.0363037927894996
1.0706346489935878
0.6370457431078791
0.7498803914114508
1.052771026539263
1.0422556082400836
1.08625246134705
0.6429143096379718
0.6379557193296842
1.0268029971357475
0.7117932589371492
1.111938396978939
0.8664682246333445
0.9344549771869329
0.8372936881043017
0.736787613903569
0.8987585437944583
1.0574846901188972
0.7432483146629981
1.0360587077197319
0.7907645190230312
0.9951883230641019
0.9433156983707711
0.9022495284915241
1.1204227389765367
0.9219433047910333
1.0577647154219745
1.0122522723218317
1.0781118505529355
0.8054739394330761
0.830059209961838
0.8816895098204698
0.7110044418236396
1.189674574830757
0.7969940713705675
1.1732018681285554
0.7778818912758754
0.9652171906403544
0.7529558295182877
0.9819219705939252
0.8704066825905299
0.7532266403687566
1.2057740637858092
0.9800066439365319
0.9323795027633971
0.8006417089726516
1.1787420247080609
0.7876118881958342
0.9057866702345656
1.0409684303570437
1.0676249435537783
1.1808686256143457
1.1271851560316755
1.0718049466174635
1.180762681999129
1.2299084069643305
1.1709592259353172
0.963042131997857
1.202472306356906
0.8700691665009401
0.8067150018378084
1.2448376148856823
0.7667287216661374
0.7909285187942945
0.7991499809554808
1.0837085178094956
1.2107232385764368
1.229791152741262
1.107045091274528
0.9214179440035998
1.0184516596423794
0.7820208419452721
0.8781285380715631
1.1773201372863755
0.9812277328057957
0.9516016719392104
1.0761387810459633
0.8602815889589508
1.056010419319673
1.1919459049029315
0.8285162628289536
0.8399448962978503
1.055892780487247
1.1401425757700765
0.8985329399131828
0.9769311843773367
0.786090095849987
0.8823775865424449
1.0402364684097618
0.7450576227287687
0.9933658070249163
1.0015798588056475
0.8491277621555353
0.9491267799900036
0.8519704032437726
1.1062932469477909
0.8269496167509057
1.1116355957833612
1.0018514029047139
0.9872093210389514
0.6855546264544581
0.9448659267423206
0.9344466518499536
1.1332727680325942
0.7839421664540545
0.672582508790555
1.1293150331650894
1.022657356856332
0.6473531483202446
1.1330279477951815
0.9557729977459297
0.7949485376442952
0.884027986710707
0.6642257398804161
0.7102057602604036
0.8376963020751869
0.6866677219839636
0.7420562850835468
0.9729220216189114
0.7968432144792958
0.6812759045414
0.7124373475222607
0.6343017539165314
0.6578830578001473
0.7908021281981792
0.7819106288678855
0.6958942405873643
0.9412504812934821
0.5756168770224054
1.0211457894302451
0.5968131110344908
1.0121335736388903
0.5231303803736971
0.9542178117544429
0.7107468232998297
0.5783466681430194
0.8256387209446331
0.4888445041441756
0.6564338049606098
0.8062122266392737
0.7291140717600908
0.8844784482692912
0.500174224001879
0.5828827824739302
0.7648759338091929
0.5718426919514581
0.588409413811438
0.5962278837764101
0.7861930706760154
0.8660379222724421
0.5202105583985157
0.8220091274823488
0.3668888571000221
0.6323074870252952
0.5944475374457789
0.6346205507938211
0.7337390601822373
0.67131487282759
0.3994381729745771
0.6143368274159274
0.3434036350458604
0.41104980510877903
0.6057725777823058
0.3403889641540392
0.48706345572424814
0.47651923400917695
0.36654484687271716
0.4782918097260461
0.695616411118615
0.6691451782609118
0.6076030675132675
0.6590023438763729
0.2984944465432732
0.5837053516709229
0.3210128251368585
0.3717622605848062
0.4904612946023743
0.1746232377417302
0.20058529538198505
0.4647561704294908
0.170935083837419
0.5401310420445999
0.42240236602431297
0.30704927469554855
0.33522149010406815
0.08682778935483829
0.32736664375057745
0.5327282218935158
0.4384542672042129
0.3693974926321233
0.21481429990568257
0.035376781413771374
0.2239145030034394
0.43308335017919974
0.48378962618495436
0.4371289954654418
0.37854558748164985
0.13719103852432885
0.04987269988607121
0.19422866066680616
0.1281434976565826
0.3146558849858221
0.15310813444212024
0.004495369974598484
-0.03812686733931764
-0.0895680078712561
0.1919853109756708
0.3491656916922525
0.34748054721561195
0.13877862506994482
-0.1461852943832652
0.18467852086429737
0.22859377888332852
0.1484357800738724
0.15453710908091822
0.04906306156635155
0.15344040011899313
0.0691083997953496
-0.03054950342597679
-0.12416159210827418
0.12739222806338102
0.20241179567454137
-0.1988793520284432
0.13780507452922613
0.03652394739615046
-0.31560418414218216
-0.07138407251398769
-0.261526287874136
-0.2918555802891473
-0.1241747750878121
-0.17108442777970345
-0.024748211661193315
-0.1708489530568512
0.015257898650768653
-0.2803215571709633
-0.23519822890621989
-0.16285452707532858
-0.08108800325057111
0.032694372835992414
0.031849530337793364
-0.048519590884306574
-0.08337373701140988
-0.058437493542854074
-0.15217199279528915
-0.2503147474443924
-0.17194646544833264
-0.37078569761353997
-0.18645387316351367
-0.10655183388904113
-0.21571885928794937
-0.31902869660278355
-0.5413003049666789
-0.4628562185214282
-0.5062476605861201
-0.3044739810104793
-0.4830072647820204
-0.29072339584532686
-0.37275029460868125
-0.6238569612616983
-0.5102344158325095
-0.1961961621778039
-0.2876360019334159
-0.4650176436632399
-0.5034453652449238
-0.22342158195865378
-0.41923140654867974
-0.5299273589394727
-0.7022996127648322
-0.23389882289895
-0.3624103254175453
-0.5890228558926373
-0.4090915431531563
-0.5887540982593522
-0.5886598973935216
-0.32429819497099577
-0.4725671447250907
-0.6780807461813797
-0.4591135135837622
-0.5284571325847267
-0.5958472222052766
-0.4405064620924962
-0.777180220403403
-0.5794106197406763
-0.6002404972820744
-0.7102170636266533
-0.6241501202978148
-0.871183506901529
-0.47751691419420444
-0.5926533459038887
-0.8924949751583178
-0.41564837758560924
-0.6547994255342978
-0.7480435584101337
-0.6093173189234941
-0.7737951481649626
-0.7992413705870098
-0.7859947673782148
-0.5297725505590947
-0.8677099610533059
-0.6249027191607929
-0.6644238722535075
-0.6190171849102406
-0.9239992194554798
-0.6387084415640856
-0.7498614668542077
-0.9433597297730678
-0.859925384228953
-0.7743926196626525
-0.776081392527932
-0.597206719196616
-0.568853819560763
-0.8389044606230839
-0.64501754132814
-0.8771868982236618
-1.0395916366081195
-0.9553388942629039
-0.7847371448224346
-1.024308844175384
-0.9518047809739729
-0.822170094145054
-0.98482137854113
-0.9319738418501823
-0.7433253933096869
-0.6476409893637686
-0.7549334972868686
-0.8362783584628362
-0.6759190949204843
-0.8823860596082735
-0.9470396699255884
-0.7361096758506883
-1.0840028140922506
-1.1253000572355556
-0.6755006327826246
-1.0530428837154129
-1.088644525900429
-0.7081830686118603
-0.7515548916239605
-0.8596379364384572
-0.7553560926861043
-0.8572792621040911
-0.7049192711421748
-1.0784349839196994
-0.9177887870106602
-0.7713977486387037
-0.7112339512369357
-0.9492920765963598
-0.8121957728042468
-1.0814928971861744
-1.167092277783693
-0.9255058689381901
-1.062402509482098
-0.974226460344858
-0.998116134553429
-0.7584677326112567
-0.7579154119961373
-0.8057695554224015
-0.748129502126194
-0.9736585752892306
-1.208394966155019
-1.187308134353768
-1.1451407073400897
-1.1934069910033485
-1.1511714972783025
-0.8539541788818181
-0.9349854881767121
-1.0030363452306836
-0.9340568730121447
-1.2243508448549674
-1.0500671697628334
-1.1215723277587657
-0.9569935822718318
-0.9311144946609151
-0.88173346941149
-0.8634672696524073
-1.108305952421561
-1.105897416874328
-0.931049518244521
-1.006406106877836
-1.0635181445145887
-1.1195961244009611
-1.1103180583039884
-0.9198543488961318
-0.9243185787426574
-0.995070679669297
-1.1836843589892705
-0.8407918735352133
-0.7469938492760285
-0.9163835327132736
-1.1778625953046236
-1.05676917427532
-0.9551205218539707
-0.8731051487210324
-0.7805893113376338
-0.9729607906446609
-1.0126495062396301
-1.1790876513837703
-1.21955148522746
-1.144362929931987
-1.041379212698453
-0.9553210320527112
-1.1983229708619652
-1.0281271180857081
-0.9537035541153702
-0.7605694678841273
-1.0475014278214916
-1.093774686042965
-0.8411882204727398
-0.782848390114296
-0.8200886705563295
-1.0103221159690963
-0.884038736559615
-0.7528420933740767
-0.9141826682034561
-1.1241774825133062
-0.7384815864260402
-0.6823494011221154
-1.0427145818853754
-1.1457659210771252
-1.0503935786323901
-0.7537440677803525
-1.0552547942241655
-0.9288572480803245
-0.9917860187026905
-0.6530160204449508
-0.9721736516868147
-0.7922291363717875
-0.9330247166286549
-0.8661123142864515
-0.9671964377577233
-0.912120522163422
-0.6666598531529346
-0.9396949859784565
-0.9690728710470772
-0.9997648304394411
-0.7796569223040708
-0.9669924758434018
-0.7924853113585839
-0.7402093330984114
-0.5664272295378655
-1.03534803998189
-0.7147706244113541
-0.8004068626995083
-0.8407012802578725
-0.7111433227761805
-0.9417667076499501
-0.6464744061080212
-0.5971496729408453
-0.7926374829044117
-0.6267033045981705
-0.5747231550520163
-0.5792668836266477
-0.8085573163520295
-0.5386129144550799
-0.740427513586753
-0.7741465640853403
-0.7211285425974666
-0.45365901051436086
-0.9160505166488826
-0.6887461587562751
-0.5906167184044161
-0.7737703251807558
-0.8664724693909025
-0.5831974123416149
-0.4814475284313634
-0.5469918635269158
-0.8001662402564825
-0.7887901757613344
-0.5513294685416118
-0.8346455918413858
-0.5829737703438049
-0.5970296329692906
-0.6489386346487681
-0.44820192505442963
-0.39174919204406083
-0.5515756927823354
-0.5153942398913418
-0.6388491224424017
-0.3152505086129579
-0.4097531210787603
-0.5100285411059552
-0.30263371901170555
-0.5060701338065158
-0.32693942328636155
-0.3169409841855315
-0.6600534958656548
-0.3633744971130274
-0.5147970525288633
-0.19578121921579986
-0.21614480648517256
-0.5674533795592799
-0.6400376394417706
-0.6443385082518029
-0.49031245573422577
-0.27113946010244483
-0.4452269202530067
-0.3692584768279985
-0.33705509988673954
-0.5202531892633748
-0.5723996346579729
-0.43517680475615433
-0.425403038055566
-0.3541575613242651
-0.1067162223693029
-0.28600221081836635
-0.20183232249331456
-0.24531849290028807
-0.14518627227115494
-0.22475183019235018
-0.4852791182274592
-0.26862261826737277
-0.07098474512548181
0.03017592107782177
-0.12173911615274499
-0.23114326252620324
-0.25904880027414057
0.0737248945049366
-0.04348491985009456
-0.13606676258982756
-0.18725214789223732
-0.33743427090401446
-0.019370471482428223
-0.09983041147189688
-0.006644347442712736
0.03026005491507447
-0.329258893349469
0.100003327872138
-0.0684862119898045
0.18022742735735617
-0.2730282340520868
-0.0009361898720446626
-0.21089367780801868
-0.14203396213254935
0.17562465794887427
-0.14806296427964818
0.14979024385290415
0.22274166863097355
0.14638141679328143
-0.18710917965943097
0.14587346833334341
0.2351235045423039
0.007472941103045833
-0.05214921764980027
0.10084698262265131
0.11861539482345822
0.15960753576571587
0.2549377087309248
0.08753119082279678
0.22488676342407413
0.15863166934421072
0.38990339062428403
0.3176400227716869
0.21380639841215526
0.2881048121398906
0.10889903002738538
0.03673705367402055
0.2695633636699739
0.23541466560388474
0.0999406016229967
0.15757818241555865
0.3014533877741262
0.50569504911698
0.33194824742765516
0.20677634496727515
0.5451275293259504
0.26576043974903724
0.09626487153624988
0.24305065605623666
0.4342971217313806
0.5921650144568602
0.31953399903185375
0.326630167737964
0.33483965242023317
0.5018274724263487
0.4894341625618699
0.44799072988353716
0.2977614307910942
0.6553407775883173
0.6603111672049311
0.6654248193672888
0.6085528644556173
0.5377988724359131
0.23544383509596611
0.614122927517999
0.4079727916866308
0.6788920618863219
0.6841451984794025
0.5439082305512659
0.4759464769551457
0.5984491453229249
0.7009982994653087
0.7241103718647476
0.45521401977215875
0.5789450739776557
0.3624138386929951
0.6354469076405131
0.7111761360750254
0.6960434483040183
0.744159289840911
0.47141459334758706
0.7155802648681179
0.4064552671046207
0.4672767098161482
0.7688977062150804
0.839465074840034
